tweet_id,favorites,retweets
666020888022790149,2530,523
666029285002620928,131,47
666033412701032449,126,46
666044226329800704,305,143
666049248165822465,110,40
666050758794694657,135,59
666051853826850816,1241,868
666055525042405380,446,259
666057090499244032,303,144
666058600524156928,115,59
666063827256086533,488,226
666071193221509120,153,65
666073100786774016,328,172
666082916733198337,120,46
666094000022159362,166,76
666099513787052032,159,72
666102155909144576,80,14
666104133288665088,14581,6768
666268910803644416,106,36
666273097616637952,179,79
666287406224695296,151,69
666293911632134144,514,364
666337882303524864,202,95
666345417576210432,305,144
666353288456101888,227,74
666362758909284353,791,584
666373753744588802,193,95
666396247373291520,170,90
666407126856765440,112,42
666411507551481857,454,336
666418789513326592,127,47
666421158376562688,323,117
666428276349472768,168,88
666430724426358785,323,202
666435652385423360,169,54
666437273139982337,130,51
666447344410484738,105,22
666454714377183233,537,217
666644823164719104,236,87
666649482315059201,910,601
666691418707132416,191,50
666701168228331520,444,226
666739327293083650,241,69
666776908487630848,362,183
666781792255496192,399,205
666786068205871104,793,514
666804364988780544,248,94
666817836334096384,535,262
666826780179869698,263,102
666835007768551424,221,82
666837028449972224,846,575
666983947667116034,2645,1030
666996132027977728,254,101
667012601033924608,464,236
667044094246576128,195,52
667062181243039745,223,57
667065535570550784,172,50
667070482143944705,86,14
667073648344346624,419,131
667090893657276420,343,131
667119796878725120,343,134
667138269671505920,4785,2347
667152164079423490,49231,18025
667160273090932737,265,65
667165590075940865,2785,1216
667171260800061440,230,97
667174963120574464,258,86
667176164155375616,632,482
667177989038297088,195,57
667182792070062081,14924,6539
667188689915760640,777,444
667192066997374976,409,114
667200525029539841,645,279
667211855547486208,510,255
667369227918143488,383,171
667393430834667520,205,60
667405339315146752,485,231
667435689202614272,321,87
667437278097252352,471,255
667443425659232256,816,614
667453023279554560,324,95
667455448082227200,200,66
667470559035432960,271,101
667491009379606528,554,237
667495797102141441,551,293
667502640335572993,555,229
667509364010450944,7077,2245
667517642048163840,387,201
667524857454854144,1779,1184
667530908589760512,493,259
667534815156183040,856,570
667538891197542400,213,72
667544320556335104,904,559
667546741521195010,347,135
667549055577362432,6062,2433
667550882905632768,0,34
667550904950915073,0,37
667724302356258817,510,340
667728196545200128,391,160
667766675769573376,469,236
667773195014021121,241,61
667782464991965184,428,257
667793409583771648,725,354
667801013445750784,342,100
667806454573760512,1096,527
667832474953625600,298,68
667861340749471744,251,84
667866724293877760,3132,1094
667873844930215936,659,434
667878741721415682,405,126
667885044254572545,855,520
667886921285246976,1985,1165
667902449697558528,888,392
667911425562669056,517,324
667915453470232577,219,59
667924896115245057,314,119
667937095915278337,1340,852
668113020489474048,698,264
668142349051129856,586,305
668154635664932864,517,335
668171859951755264,516,206
668190681446379520,683,208
668204964695683073,581,205
668221241640230912,531,214
668226093875376128,322,113
668237644992782336,6526,3050
668248472370458624,1046,521
668256321989451776,1368,660
668268907921326080,582,256
668274247790391296,873,246
668286279830867968,528,149
668291999406125056,261,34
668297328638447616,650,315
668466899341221888,929,552
668480044826800133,484,159
668484198282485761,447,250
668496999348633600,431,144
668507509523615744,342,114
668528771708952576,490,240
668537837512433665,259,78
668542336805281792,485,228
668544745690562560,545,247
668567822092664832,257,62
668587383441514497,1740,1161
668614819948453888,641,338
668620235289837568,210,45
668623201287675904,1522,841
668625577880875008,414,140
668627278264475648,335,122
668631377374486528,752,345
668633411083464705,2977,1757
668636665813057536,1094,518
668641109086707712,1130,569
668643542311546881,930,570
668645506898350081,946,582
668655139528511488,554,232
668779399630725120,740,402
668815180734689280,599,289
668826086256599040,459,150
668852170888998912,471,178
668872652652679168,553,318
668892474547511297,414,163
668902994700836864,333,106
668932921458302977,281,62
668955713004314625,296,75
668960084974809088,743,260
668967877119254528,158,25
668975677807423489,1374,628
668979806671884288,833,376
668981893510119424,568,332
668986018524233728,575,181
668988183816871936,951,512
668989615043424256,714,351
668992363537309700,788,377
668994913074286592,462,251
669000397445533696,21900,6845
669006782128353280,604,267
669015743032369152,777,396
669037058363662336,683,331
669203728096960512,1063,513
669214165781868544,466,180
669216679721873412,951,416
669324657376567296,520,221
669327207240699904,605,125
669328503091937280,1063,446
669351434509529089,468,203
669353438988365824,679,278
669354382627049472,2861,1366
669359674819481600,384,133
669363888236994561,658,248
669367896104181761,481,169
669371483794317312,518,193
669375718304980992,1410,777
669393256313184256,380,82
669564461267722241,404,131
669567591774625800,244,61
669571471778410496,1667,1071
669573570759163904,458,154
669583744538451968,1566,1004
669597912108789760,540,162
669603084620980224,998,394
669625907762618368,3720,1938
669661792646373376,844,473
669680153564442624,700,309
669682095984410625,370,142
669683899023405056,410,117
669684865554620416,548,95
669749430875258880,285,71
669753178989142016,846,428
669923323644657664,246,62
669926384437997569,394,112
669942763794931712,530,180
669970042633789440,316,65
669972011175813120,464,174
669993076832759809,337,91
670003130994700288,346,100
670037189829525505,617,301
670040295598354432,792,117
670046952931721218,677,191
670055038660800512,706,356
670061506722140161,806,371
670069087419133954,667,271
670073503555706880,1650,860
670079681849372674,2358,1355
670086499208155136,729,272
670093938074779648,1095,362
670290420111441920,741,311
670303360680108032,445,148
670319130621435904,4054,1332
670338931251150849,447,118
670361874861563904,341,71
670374371102445568,779,291
670385711116361728,586,232
670403879788544000,453,171
670408998013820928,586,242
670411370698022913,2153,977
670417414769758208,592,345
670420569653809152,659,335
670421925039075328,1383,694
670427002554466305,541,175
670428280563085312,1461,684
670433248821026816,337,122
670434127938719744,1481,696
670435821946826752,1104,562
670442337873600512,679,207
670444955656130560,7049,2121
670449342516494336,1247,722
670452855871037440,573,222
670465786746662913,1019,597
670468609693655041,367,90
670474236058800128,1610,820
670668383499735048,11292,5444
670676092097810432,261,45
670679630144274432,787,312
670691627984359425,619,259
670704688707301377,797,399
670717338665226240,1284,538
670727704916926465,869,395
670733412878163972,1009,546
670755717859713024,470,121
670764103623966721,1133,457
670778058496974848,340,77
670780561024270336,814,309
670782429121134593,1667,849
670783437142401025,858,423
670786190031921152,631,216
670789397210615808,694,254
670792680469889025,876,295
670797304698376195,764,257
670803562457407488,355,93
670804601705242624,2075,1013
670807719151067136,1209,529
670811965569282048,1186,290
670815497391357952,3355,1677
670822709593571328,638,104
670823764196741120,813,203
670826280409919488,5867,4409
670832455012716544,774,237
670833812859932673,467,134
670838202509447168,1174,746
670840546554966016,622,211
670842764863651840,25784,9454
670995969505435648,1159,313
671109016219725825,1204,473
671115716440031232,1414,828
671122204919246848,3676,2722
671134062904504320,787,210
671138694582165504,981,436
671141549288370177,1227,700
671147085991960577,701,248
671151324042559489,704,165
671154572044468225,757,235
671159727754231808,393,89
671163268581498880,1740,1190
671166507850801152,915,383
671182547775299584,1175,375
671186162933985280,774,234
671347597085433856,1018,464
671355857343524864,501,119
671357843010908160,422,156
671362598324076544,1174,317
671390180817915904,1489,795
671485057807351808,795,250
671486386088865792,613,225
671488513339211776,1062,507
671497587707535361,966,477
671504605491109889,7411,3811
671511350426865664,1698,778
671518598289059840,995,312
671520732782923777,1471,577
671528761649688577,883,276
671533943490011136,1077,623
671536543010570240,1232,436
671538301157904385,969,430
671542985629241344,1148,608
671544874165002241,2101,1130
671547767500775424,1432,642
671550332464455680,958,226
671561002136281088,13517,7798
671729906628341761,8988,4706
671735591348891648,1514,809
671743150407421952,772,242
671744970634719232,1410,831
671763349865160704,1763,986
671768281401958400,1251,563
671789708968640512,7431,3758
671855973984772097,961,492
671866342182637568,1175,539
671874878652489728,1310,591
671879137494245376,1486,740
671882082306625538,3641,1481
671891728106971137,1394,603
671896809300709376,8896,4452
672068090318987265,1371,554
672082170312290304,988,394
672095186491711488,1042,393
672125275208069120,2528,1235
672139350159835138,1841,783
672160042234327040,910,390
672169685991993344,1062,399
672205392827572224,2377,1249
672222792075620352,819,229
672231046314901505,1930,1080
672239279297454080,939,344
672245253877968896,719,167
672248013293752320,1812,650
672254177670729728,1496,790
672256522047614977,2961,1682
672264251789176834,1200,374
672267570918129665,1572,658
672272411274932228,6795,3632
672466075045466113,1415,584
672475084225949696,1509,759
672481316919734272,741,131
672482722825261057,1195,654
672488522314567680,1166,477
672523490734551040,681,187
672538107540070400,1074,400
672591271085670400,766,202
672591762242805761,995,360
672594978741354496,1390,649
672604026190569472,1169,435
672609152938721280,1162,417
672614745925664768,1279,636
672622327801233409,1361,534
672640509974827008,1019,345
672828477930868736,1323,523
672834301050937345,1379,618
672877615439593473,1080,398
672884426393653248,1635,890
672898206762672129,929,453
672902681409806336,1430,542
672964561327235073,1497,691
672968025906282496,1383,593
672970152493887488,1005,384
672975131468300288,1777,1001
672980819271634944,1897,1063
672984142909456390,1311,586
672988786805112832,1022,309
672995267319328768,1005,323
672997845381865473,2067,777
673148804208660480,1796,684
673213039743795200,2375,915
673240798075449344,1492,783
673270968295534593,1114,396
673295268553605120,7940,3427
673317986296586240,909,288
673320132811366400,14275,8574
673342308415348736,1337,640
673343217010679808,1021,287
673345638550134785,2661,1399
673350198937153538,768,226
673352124999274496,1734,587
673355879178194945,1575,644
673359818736984064,1533,721
673363615379013632,1076,335
673576835670777856,1456,607
673580926094458881,867,291
673583129559498752,1249,399
673612854080196609,1668,786
673636718965334016,1179,399
673656262056419329,753,263
673662677122719744,1311,391
673680198160809984,1440,513
673686845050527744,1524,471
673688752737402881,1307,529
673689733134946305,1832,697
673697980713705472,4010,2129
673700254269775872,1514,621
673705679337693185,1316,432
673707060090052608,1163,426
673708611235921920,1128,313
673709992831262724,893,303
673711475735838725,1099,323
673715861853720576,3756,2270
673716320723169284,3256,831
673887867907739649,984,272
673906403526995968,3357,1778
673919437611909120,1232,392
673956914389192708,2068,1050
674008982932058114,1271,385
674014384960745472,1652,705
674019345211760640,1193,333
674024893172875264,1882,1340
674036086168010753,888,236
674038233588723717,1157,447
674042553264685056,762,140
674045139690631169,1495,699
674051556661161984,1540,524
674053186244734976,3520,1415
674063288070742018,6728,2415
674075285688614912,1035,311
674082852460433408,788,182
674255168825880576,1547,611
674262580978937856,1364,493
674265582246694913,1729,919
674269164442398721,940,250
674271431610523648,1662,788
674291837063053312,15625,6423
674307341513269249,12000,7538
674318007229923329,1487,563
674330906434379776,592,81
674372068062928900,902,338
674394782723014656,1584,622
674410619106390016,1266,513
674416750885273600,719,153
674422304705744896,1514,581
674436901579923456,1178,423
674447403907457024,1122,388
674468880899788800,6578,2239
674606911342424069,994,113
674632714662858753,1592,623
674638615994089473,1777,640
674644256330530816,1084,300
674646392044941312,1508,550
674664755118911488,977,274
674670581682434048,1712,710
674690135443775488,1216,504
674737130913071104,679,101
674739953134403584,1180,428
674742531037511680,517,54
674743008475090944,1481,598
674752233200820224,1561,507
674754018082705410,1445,484
674764817387900928,840,259
674767892831932416,1943,868
674774481756377088,1194,524
674781762103414784,2124,1318
674788554665512960,855,227
674790488185167872,1165,274
674793399141146624,2663,1206
674800520222154752,3186,938
674805413498527744,921,385
674999807681908736,2399,1216
675003128568291329,1643,511
675006312288268288,1030,247
675015141583413248,2872,1308
675047298674663426,1126,358
675109292475830276,2959,1237
675111688094527488,1023,276
675113801096802304,2082,861
675135153782571009,1370,533
675145476954566656,2267,988
675146535592706048,1274,342
675147105808306176,1005,268
675149409102012420,3984,1848
675153376133427200,5997,2697
675166823650848770,3851,1764
675334060156301312,2965,1411
675349384339542016,4194,2493
675354435921575936,34841,18744
675362609739206656,1120,255
675372240448454658,1809,552
675432746517426176,1609,620
675483430902214656,1962,1061
675489971617296384,1375,657
675497103322386432,3344,1426
675501075957489664,18281,6393
675517828909424640,1392,499
675522403582218240,1105,309
675531475945709568,1252,424
675534494439489536,1919,464
675706639471788032,685,104
675707330206547968,2123,760
675710890956750848,2016,911
675740360753160193,1237,382
675781562965868544,1727,525
675798442703122432,10960,3727
675820929667219457,1120,254
675822767435051008,1629,582
675845657354215424,2441,986
675849018447167488,1008,168
675853064436391936,2882,1436
675870721063669760,1755,624
675878199931371520,4466,1548
675888385639251968,2543,1055
675891555769696257,2269,960
675898130735476737,1747,643
676089483918516224,1408,474
676098748976615425,3228,1588
676101918813499392,2997,1269
676121918416756736,2299,1282
676146341966438401,2050,731
676191832485810177,2438,1130
676215927814406144,1854,651
676219687039057920,78589,34002
676237365392908289,1306,331
676263575653122048,2212,599
676430933382295552,1495,381
676440007570247681,1838,735
676470639084101634,12474,5145
676496375194980353,1614,592
676533798876651520,2002,611
676575501977128964,2770,1245
676582956622721024,1292,309
676588346097852417,2495,882
676590572941893632,986,140
676593408224403456,4895,2378
676603393314578432,1257,432
676606785097199616,2014,486
676613908052996102,1160,213
676617503762681856,3097,1092
676776431406465024,5331,2214
676811746707918848,1510,465
676819651066732545,1932,731
676821958043033607,24783,17315
676864501615042560,2252,791
676897532954456065,2402,807
676916996760600576,3184,1984
676936541936185344,13645,5434
676942428000112642,2228,847
676946864479084545,1822,420
676948236477857792,2323,968
676949632774234114,1389,443
676957860086095872,2362,899
676975532580409345,2968,1184
677187300187611136,2932,1018
677228873407442944,3790,1813
677269281705472000,2129,780
677301033169788928,1338,460
677314812125323265,1768,602
677328882937298944,3896,1668
677331501395156992,1172,263
677334615166730240,1460,325
677335745548390400,3290,1990
677530072887205888,1142,247
677547928504967168,7456,4016
677557565589463040,2632,1299
677565715327688705,1387,508
677573743309385728,2294,812
677644091929329666,2016,879
677662372920729601,2104,1085
677673981332312066,3583,1661
677687604918272002,2645,936
677698403548192770,1314,358
677700003327029250,3647,1596
677716515794329600,3278,1086
677895101218201600,5200,2354
677918531514703872,1451,455
677961670166224897,3657,1860
678021115718029313,14820,7061
678023323247357953,2074,436
678255464182861824,1700,412
678278586130948096,12371,6743
678334497360859136,1401,298
678341075375947776,1871,598
678380236862578688,2617,1002
678389028614488064,2006,465
678396796259975168,1713,467
678399652199309312,61708,30472
678410210315247616,4579,2037
678424312106393600,5851,2841
678446151570427904,4302,1760
678643457146150913,2223,480
678675843183484930,3102,1661
678708137298427904,5999,2711
678740035362037760,4052,1905
678755239630127104,7710,3691
678764513869611008,1757,534
678767140346941444,3817,1534
678774928607469569,3000,1026
678798276842360832,3759,1332
678800283649069056,2773,1001
678969228704284672,1775,520
678991772295516161,2514,1318
679001094530465792,3047,1364
679047485189439488,2437,768
679062614270468097,18494,9170
679111216690831360,6438,2852
679132435750195208,3215,1296
679148763231985668,2994,1146
679158373988876288,23284,9046
679405845277462528,2574,1347
679462823135686656,34437,20992
679475951516934144,2274,713
679503373272485890,3437,1657
679511351870550016,3654,1437
679527802031484928,2861,813
679530280114372609,5149,2311
679722016581222400,1789,530
679729593985699840,2335,923
679736210798047232,2271,901
679777920601223168,3349,1256
679828447187857408,39255,15602
679844490799091713,2563,873
679854723806179328,3111,1378
679862121895714818,2649,691
679872969355714560,2338,737
679877062409191424,2132,717
680055455951884288,18066,7954
680070545539371008,2782,975
680085611152338944,13819,9893
680100725817409536,3843,1528
680115823365742593,2932,1019
680130881361686529,2488,1063
680145970311643136,3908,1949
680161097740095489,2500,817
680176173301628928,4218,1741
680191257256136705,2321,569
680206703334408192,3071,1305
680221482581123072,1576,325
680440374763077632,1565,556
680473011644985345,2743,835
680494726643068929,1855,538
680497766108381184,4588,2140
680583894916304897,3903,1495
680609293079592961,2860,802
680798457301471234,3091,1167
680801747103793152,2563,914
680805554198020098,2339,744
680836378243002368,3727,1493
680889648562991104,1914,412
680913438424612864,2583,696
680934982542561280,2246,490
680940246314430465,3488,1196
680959110691590145,4932,2224
680970795137544192,2630,738
681193455364796417,4023,1663
681231109724700672,2590,535
681242418453299201,1619,611
681261549936340994,1572,305
681281657291280384,3477,1237
681297372102656000,3451,1073
681302363064414209,4288,2043
681320187870711809,2891,849
681339448655802368,10074,4537
681340665377193984,1779,310
681523177663676416,15541,6513
681579835668455424,3841,1466
681610798867845120,2079,526
681654059175129088,2868,1032
681679526984871937,1896,495
681694085539872773,13841,4512
681891461017812993,2664,939
681981167097122816,3004,1147
682003177596559360,3410,1703
682032003584274432,7136,2261
682047327939461121,3485,1078
682059653698686977,5380,1890
682088079302213632,19891,11100
682242692827447297,3521,1326
682259524040966145,4521,1364
682303737705140231,3343,1117
682389078323662849,1805,516
682393905736888321,2408,761
682406705142087680,8219,1983
682429480204398592,3720,1296
682638830361513985,2231,671
682662431982772225,3296,1193
682697186228989953,1419,397
682750546109968385,1646,487
682788441537560576,2670,1245
682808988178739200,1920,207
682962037429899265,40180,18723
683030066213818368,2341,815
683078886620553216,2149,627
683098815881154561,2334,728
683111407806746624,3688,1022
683142553609318400,3120,1160
683357973142474752,3192,1051
683391852557561860,8244,2660
683449695444799489,4227,1801
683462770029932544,2648,751
683481228088049664,2845,1103
683498322573824003,3426,1073
683515932363329536,7973,3244
683742671509258241,7075,3725
683773439333797890,3629,1512
683828599284170753,3016,1176
683834909291606017,2847,1247
683849932751646720,2850,1100
683852578183077888,2088,394
683857920510050305,4111,1246
684097758874210310,4455,1603
684122891630342144,2151,534
684147889187209216,3226,1672
684177701129875456,2187,753
684188786104872960,3777,1320
684195085588783105,2075,588
684200372118904832,2359,1153
684222868335505415,4172,1540
684225744407494656,1347,237
684241637099323392,8877,3677
684460069371654144,2146,619
684481074559381504,4193,1306
684538444857667585,2884,1075
684567543613382656,3270,1394
684588130326986752,4460,1576
684594889858887680,9731,3960
684800227459624960,2943,1106
684830982659280897,38077,24154
684880619965411328,2275,923
684902183876321280,2025,601
684914660081053696,3797,1638
684926975086034944,3802,541
684940049151070208,3483,1169
684959798585110529,7221,3508
684969860808454144,2485,433
685169283572338688,4447,1598
685198997565345792,2519,751
685268753634967552,3375,1348
685307451701334016,2237,491
685315239903100929,3623,1215
685321586178670592,2878,727
685325112850124800,10324,4466
685532292383666176,3297,1288
685547936038666240,35759,17506
685641971164143616,3177,868
685663452032069632,3514,1635
685667379192414208,2539,651
685681090388975616,2199,140
685906723014619143,8178,3253
685943807276412928,1778,685
685973236358713344,2292,602
686003207160610816,1979,720
686007916130873345,2680,468
686034024800862208,3382,1311
686035780142297088,1256,136
686050296934563840,2390,828
686286779679375361,4347,1861
686358356425093120,2378,764
686377065986265092,2403,632
686386521809772549,3516,988
686394059078897668,1906,759
686606069955735556,2044,602
686618349602762752,3996,1522
686683045143953408,3030,898
686730991906516992,4500,1334
686749460672679938,3765,1644
686760001961103360,3808,1537
686947101016735744,9315,3537
687096057537363968,2430,686
687102708889812993,2539,1106
687109925361856513,6300,2769
687124485711986689,2344,567
687127927494963200,5937,2551
687312378585812992,4716,2125
687317306314240000,21817,10244
687399393394311168,2056,696
687460506001633280,2207,608
687476254459715584,2153,610
687480748861947905,1735,279
687494652870668288,2075,647
687664829264453632,2098,570
687704180304273409,2635,942
687732144991551489,1914,736
687807801670897665,2595,786
687818504314159109,2719,1070
687826841265172480,2955,1269
687841446767013888,5937,2834
688064179421470721,1860,403
688116655151435777,3056,878
688179443353796608,2294,661
688211956440801280,2406,934
688385280030670848,10083,4962
688519176466644993,2493,814
688547210804498433,2828,779
688789766343622656,2395,736
688804835492233216,1033,223
688828561667567616,1483,416
688894073864884227,2421,784
688898160958271489,2279,880
688908934925697024,2281,864
688916208532455424,2953,971
689143371370250240,2198,577
689154315265683456,3320,1116
689255633275777024,2778,1199
689275259254616065,1253,280
689280876073582592,2170,805
689283819090870273,3573,1235
689289219123089408,2442,1042
689517482558820352,3686,1593
689557536375177216,2234,512
689599056876867584,12628,6163
689623661272240129,2427,735
689659372465688576,11265,4343
689661964914655233,3463,1030
689835978131935233,2343,841
689877686181715968,3266,1324
689905486972461056,2622,775
689977555533848577,1477,495
689993469801164801,1594,510
689999384604450816,1541,418
690005060500217858,3966,1881
690015576308211712,2709,821
690021994562220032,3028,1162
690248561355657216,1820,463
690348396616552449,1624,565
690360449368465409,2888,993
690374419777196032,3517,966
690400367696297985,2020,505
690597161306841088,2134,671
690607260360429569,309,19
690649993829576704,1414,317
690690673629138944,2511,887
690728923253055490,2348,586
690735892932222976,4084,1431
690932576555528194,3561,1132
690938899477221376,4482,2220
690959652130045952,3872,1405
690989312272396288,6431,3226
691090071332753408,1845,382
691096613310316544,3215,1009
691321916024623104,2793,738
691416866452082688,21002,8547
691444869282295808,2861,942
691459709405118465,4402,1285
691483041324204033,2568,646
691675652215414786,2089,570
691756958957883396,3138,1148
691793053716221953,8820,4671
691820333922455552,4265,1833
692017291282812928,3098,1069
692041934689402880,3679,1413
692142790915014657,1769,434
692158366030913536,2332,890
692187005137076224,2725,913
692417313023332352,10146,3862
692423280028966913,1596,260
692530551048294401,1994,468
692535307825213440,3462,1509
692568918515392513,4686,1716
692752401762250755,7405,4063
692828166163931137,3108,984
692894228850999298,2478,901
692901601640583168,1944,673
692905862751522816,2642,985
692919143163629568,2890,828
693095443459342336,2028,516
693109034023534592,1864,686
693155686491000832,8558,3575
693231807727280129,3087,823
693262851218264065,2420,562
693267061318012928,2583,913
693280720173801472,3626,1387
693486665285931008,1914,687
693582294167244802,1783,288
693590843962331137,5494,2198
693622659251335168,1668,415
693629975228977152,2655,887
693642232151285760,2750,465
693644216740769793,1451,146
693647888581312512,2924,663
693942351086120961,1866,410
693993230313091072,2027,450
694001791655137281,3666,1163
694183373896572928,3193,1031
694206574471057408,4532,2273
694329668942569472,2174,555
694342028726001664,1704,547
694352839993344000,2206,691
694356675654983680,1631,323
694669722378485760,25785,13323
694905863685980160,2998,1042
694925794720792577,2920,1022
695051054296211456,2877,878
695064344191721472,1747,673
695074328191332352,3072,1226
695095422348574720,2847,677
695314793360662529,3952,1648
695409464418041856,9326,3967
695446424020918272,4725,2003
695629776980148225,4951,2344
695767669421768709,2032,840
695794761660297217,3448,868
695816827381944320,3249,1303
696100768806522880,2099,739
696405997980676096,3482,1268
696488710901260288,2757,1149
696490539101908992,1319,167
696518437233913856,4226,1869
696713835009417216,2577,741
696744641916489729,2263,1064
696754882863349760,1590,393
696877980375769088,2654,792
696886256886657024,5237,1991
696894894812565505,2551,751
696900204696625153,3461,1143
697242256848379904,2718,739
697255105972801536,3268,1298
697259378236399616,3567,1119
697270446429966336,5052,2066
697463031882764288,3699,1538
697482927769255936,2624,757
697516214579523584,2250,1263
697575480820686848,2220,565
697596423848730625,3269,1408
697616773278015490,3424,1125
697630435728322560,1888,602
697881462549430272,3266,1319
697943111201378304,2599,766
697990423684476929,3559,1437
697995514407682048,1644,367
698178924120031232,3053,816
698195409219559425,18186,6649
698262614669991936,5137,2246
698342080612007937,2456,1060
698355670425473025,2013,504
698549713696649216,2502,693
698635131305795584,1381,378
698703483621523456,1576,421
698710712454139905,2676,765
698907974262222848,2752,689
698953797952008193,2927,1004
698989035503689728,3668,1094
699036661657767936,2826,1327
699060279947165696,4108,2028
699072405256409088,3245,1308
699079609774645248,2638,730
699088579889332224,2421,706
699323444782047232,3413,969
699370870310113280,2037,491
699413908797464576,2229,684
699423671849451520,1483,374
699434518667751424,2360,569
699446877801091073,6429,2905
699691744225525762,11116,5108
699775878809702401,2113,675
699779630832685056,3000,1379
699788877217865730,2436,547
699801817392291840,3302,1078
700002074055016451,3586,1506
700029284593901568,2240,647
700062718104104960,2850,771
700143752053182464,8173,3079
700151421916807169,2427,740
700167517596164096,2867,827
700462010979500032,4490,2009
700505138482569216,2456,637
700518061187723268,2847,897
700747788515020802,24812,10481
700796979434098688,2643,1071
700847567345688576,2615,553
700864154249383937,2798,681
700890391244103680,2405,645
701214700881756160,13301,5721
701545186879471618,2872,673
701570477911896070,3046,1043
701601587219795968,2255,517
701805642395348998,3704,1877
701889187134500865,3861,1535
701952816642965504,4117,1133
701981390485725185,3709,1093
702217446468493312,5204,1494
702276748847800320,2676,849
702321140488925184,3561,1144
702332542343577600,3459,1721
702539513671897089,3099,1076
702598099714314240,11197,3658
702671118226825216,2370,625
702684942141153280,3487,1200
702899151802126337,1751,501
702932127499816960,2789,806
703041949650034688,28632,13966
703079050210877440,7975,3437
703268521220972544,2127,614
703356393781329922,2058,426
703382836347330562,3793,1272
703407252292673536,2658,771
703425003149250560,4121,1538
703611486317502464,4178,1690
703631701117943808,2812,761
703769065844768768,3574,1258
703774238772166656,1993,518
704054845121142784,3168,1016
704113298707505153,2006,624
704134088924532736,1636,516
704347321748819968,1705,387
704364645503647744,8705,3948
704480331685040129,3677,1184
704491224099647488,826,96
704499785726889984,3177,1110
704761120771465216,7183,3223
704819833553219584,2864,1122
704847917308362754,5532,1707
704859558691414016,2433,605
704871453724954624,4557,1239
705066031337840642,2344,673
705102439679201280,2322,575
705223444686888960,2786,888
705239209544720384,3238,837
705428427625635840,4130,1906
705442520700944385,4811,1833
705475953783398401,3199,1031
705591895322394625,3429,1288
705786532653883392,2100,588
705898680587526145,2561,629
705970349788291072,3396,998
705975130514706432,3354,827
706153300320784384,1613,427
706166467411222528,5551,1792
706169069255446529,4235,2475
706265994973601792,2935,1018
706291001778950144,1834,516
706310011488698368,23185,8887
706346369204748288,3720,1026
706516534877929472,3354,1142
706538006853918722,3731,1566
706593038911545345,2328,706
706644897839910912,2784,1216
706681918348251136,3580,1079
706901761596989440,2240,670
706904523814649856,15744,8714
707014260413456384,2477,657
707021089608753152,4390,1526
707038192327901184,2373,892
707059547140169728,2768,749
707297311098011648,2980,894
707315916783140866,2665,716
707377100785885184,3552,1196
707387676719185920,3794,1466
707411934438625280,2455,668
707420581654872064,2458,775
707610948723478529,18351,7138
707629649552134146,2793,979
707693576495472641,3708,1109
707738799544082433,4428,2745
707741517457260545,2688,687
707776935007539200,3537,1059
707969809498152960,2913,1079
707983188426153984,51,2
707995814724026368,3345,1255
708026248782585858,4719,2142
708109389455101952,2091,600
708119489313951744,2898,1088
708130923141795840,3653,931
708149363256774660,4593,1708
708349470027751425,2523,821
708356463048204288,3895,1505
708400866336894977,17299,11189
708469915515297792,3314,914
708479650088034305,2733,756
708711088997666817,2752,814
708738143638450176,2955,904
708810915978854401,17816,7734
708834316713893888,1829,557
708845821941387268,3194,994
708853462201716736,1922,729
709042156699303936,5142,1834
709158332880297985,2205,463
709179584944730112,2185,751
709198395643068416,2600,709
709207347839836162,13592,6481
709225125749587968,2583,639
709409458133323776,2827,773
709449600415961088,2396,656
709519240576036864,1596,271
709556954897764353,3544,1187
709566166965075968,3808,1352
709852847387627521,3774,1320
709901256215666688,725,110
709918798883774466,3213,1198
710117014656950272,5932,2209
710140971284037632,2981,988
710153181850935296,3120,991
710269109699739648,2581,1240
710272297844797440,4873,1400
710283270106132480,2283,573
710296729921429505,2545,818
710588934686908417,4911,2081
710609963652087808,5169,2596
710658690886586372,2488,627
710833117892898816,2901,598
710844581445812225,2744,767
710997087345876993,4909,1544
711008018775851008,3232,697
711306686208872448,3556,807
711363825979756544,3947,1271
711652651650457602,4170,1024
711694788429553666,35443,20234
711732680602345472,9632,4577
711743778164514816,3060,1093
711968124745228288,8679,2566
711998809858043904,0,138
712065007010385924,2424,696
712085617388212225,3485,548
712092745624633345,3171,1003
712097430750289920,4093,1159
712309440758808576,267,26
712438159032893441,5733,1730
712668654853337088,4488,1351
712717840512598017,13331,5524
712809025985978368,20101,7486
713175907180089344,4807,1608
713177543487135744,7768,3140
713411074226274305,4738,1427
713761197720473600,5241,1529
713900603437621249,3034,822
713909862279876608,2047,603
713919462244790272,3511,859
714141408463036416,4622,1546
714214115368108032,2449,976
714251586676113411,3523,933
714258258790387713,3240,798
714485234495041536,2924,1292
714606013974974464,3894,1027
714631576617938945,3516,1110
714957620017307648,4451,1570
714962719905021952,7934,4753
714982300363173890,4042,1148
715009755312439296,4491,1380
715200624753819648,5514,2083
715220193576927233,2593,729
715342466308784130,3253,760
715360349751484417,5887,1744
715680795826982913,4661,1794
715696743237730304,4204,1432
715704790270025728,3019,624
715733265223708672,5027,1889
715758151270801409,4034,1576
715928423106027520,3444,976
716080869887381504,5260,1926
716285507865542656,3001,1208
716439118184652801,2545,243
716447146686459905,14150,6526
716730379797970944,1322,470
716791146589110272,5160,1463
716802964044845056,4587,1299
717009362452090881,3528,1087
717047459982213120,6750,2112
717421804990701568,3401,933
717428917016076293,1722,504
717537687239008257,6210,2042
717790033953034240,3127,1254
717841801130979328,2635,658
718234618122661888,4168,1111
718246886998687744,2080,559
718454725339934721,5249,1667
718460005985447936,2906,595
718540630683709445,2689,1119
718613305783398402,2632,532
718631497683582976,20453,8958
718939241951195136,5646,1942
718971898235854848,3766,1216
719332531645071360,3669,1056
719339463458033665,4747,1377
719367763014393856,2990,815
719551379208073216,5446,2151
719704490224398336,4909,1614
719991154352222208,5212,1943
720043174954147842,5274,2219
720059472081784833,4184,1253
720340705894408192,3087,1080
720389942216527872,6895,2791
720415127506415616,4449,1651
720775346191278080,2671,748
720785406564900865,3356,852
721001180231503872,2716,682
721503162398597120,5027,2093
722613351520608256,5335,1811
722974582966214656,4433,1735
723179728551723008,5696,2076
723673163800948736,3252,992
723688335806480385,8335,3296
723912936180330496,4188,1356
724004602748780546,4504,1759
724046343203856385,2866,611
724049859469295616,4670,1960
724405726123311104,5725,1819
724771698126512129,2555,711
724983749226668032,3987,1440
725458796924002305,1520,694
725729321944506368,5584,1974
725786712245440512,4477,1505
725842289046749185,7605,2935
726224900189511680,4751,1282
726828223124897792,3826,1114
726887082820554753,4142,1663
726935089318363137,7429,2710
727155742655025152,3932,1476
727175381690781696,4167,1521
727286334147182592,3279,912
727314416056803329,3582,826
727524757080539137,4825,1362
727644517743104000,6359,1932
727685679342333952,3162,705
728015554473250816,4423,1209
728035342121635841,4903,1849
728046963732717569,4656,1303
728387165835677696,3950,1062
728409960103686147,5309,2236
728653952833728512,3575,1158
728751179681943552,3010,749
728760639972315136,5030,1885
728986383096946689,3416,901
729113531270991872,2031,365
729463711119904772,6261,2555
729823566028484608,4308,1376
729838605770891264,1837,425
729854734790754305,4343,1243
730196704625098752,5277,2141
730211855403241472,4122,1165
730427201120833536,3756,1161
730573383004487680,5332,2400
730924654643314689,6611,2206
731156023742988288,4140,1413
731285275100512256,3760,1082
732005617171337216,16124,6060
732375214819057664,8734,2794
732585889486888962,3970,855
732726085725589504,3813,989
732732193018155009,2643,593
733109485275860992,44097,17345
733460102733135873,4549,1429
733482008106668032,3397,1055
733822306246479872,3971,1130
733828123016450049,3875,865
734559631394082816,1624,444
734776360183431168,2703,606
734787690684657664,13574,7007
734912297295085568,2953,570
735137028879360001,3382,1080
735256018284875776,3633,976
735274964362878976,9502,4649
735635087207878657,6688,2623
735648611367784448,4341,1218
735991953473572864,3891,1274
736010884653420544,8559,3305
736225175608430592,8776,3075
736365877722001409,4325,1392
736392552031657984,19231,8270
736736130620620800,4674,1946
737310737551491075,15871,8245
737322739594330112,3906,893
737445876994609152,11166,4979
737678689543020544,5456,1494
737800304142471168,10819,3849
737826014890496000,5687,1977
738156290900254721,2736,740
738166403467907072,9516,3791
738184450748633089,4671,1342
738402415918125056,3545,944
738537504001953792,5504,1738
738883359779196928,3624,905
738885046782832640,4077,1266
738891149612572673,115,6
739238157791694849,74221,51651
739485634323156992,7786,3266
739544079319588864,43168,23972
739606147276148736,5845,1850
739623569819336705,4130,1525
739844404073074688,4095,947
739932936087216128,4392,1200
739979191639244800,21629,6605
740214038584557568,7235,2188
740359016048689152,3575,952
740365076218183684,2686,485
740373189193256964,37563,14854
740676976021798912,19648,7588
740699697422163968,3064,874
740711788199743490,3690,1046
740995100998766593,6937,3106
741067306818797568,10215,3458
741099773336379392,10871,6170
741303864243200000,9527,3599
741438259667034112,3978,930
741743634094141440,8849,3094
741793263812808706,4924,1681
742150209887731712,5582,1748
742161199639494656,4699,1529
742385895052087300,7370,2229
742423170473463808,10686,4256
742465774154047488,7850,4326
742528092657332225,4824,2216
742534281772302336,7636,3963
743210557239623680,4156,1530
743222593470234624,6709,2134
743253157753532416,4561,1346
743510151680958465,8560,4125
743545585370791937,3821,1051
743595368194129920,20037,7323
743609206067040256,4856,1534
743835915802583040,0,2347
743895849529389061,3948,1070
743980027717509120,4503,1218
744223424764059648,1843,418
744234799360020481,129676,78480
744334592493166593,7342,2386
744709971296780288,6072,1741
744971049620602880,8543,2999
744995568523612160,3240,704
745057283344719872,7847,2555
745074613265149952,8495,3930
745314880350101504,7762,3087
745422732645535745,9302,2736
745433870967832576,7722,2843
745712589599014916,7564,2604
745789745784041472,4378,1194
746056683365994496,3856,920
746131877086527488,7475,2464
746369468511756288,6560,1834
746507379341139972,5029,1212
746521445350707200,0,1094
746542875601690625,5465,2077
746726898085036033,6570,2013
746757706116112384,10381,4367
746790600704425984,5290,1789
746818907684614144,5747,1923
746872823977771008,6509,2401
746906459439529985,3130,332
747103485104099331,10431,4492
747204161125646336,3681,1026
747219827526344708,5720,1768
747242308580548608,0,3223
747439450712596480,5907,2160
747461612269887489,4207,1163
747512671126323200,6042,1777
747594051852075008,4013,1189
747600769478692864,2526,611
747648653817413632,14029,6526
747651430853525504,1500,177
747816857231626240,5283,1302
747844099428986880,3051,836
747885874273214464,3207,1106
747933425676525569,7218,2856
747963614829678593,6312,2416
748220828303695873,15366,8721
748307329658011649,3991,801
748324050481647620,4031,861
748337862848962560,8364,4629
748346686624440324,5674,1391
748568946752774144,2383,760
748575535303884801,6615,2235
748692773788876800,4600,1487
748699167502000129,5164,1797
748705597323898880,3006,1055
748932637671223296,6376,2527
748977405889503236,11123,3718
749036806121881602,3382,885
749064354620928000,5225,1695
749075273010798592,6279,2323
749317047558017024,5989,2475
749395845976588288,9379,3895
749403093750648834,2860,612
749417653287129088,6646,1878
749774190421639168,5063,1480
749981277374128128,5562,2749
749996283729883136,3301,904
750011400160841729,3537,1021
750026558547456000,2956,881
750041628174217216,3458,695
750056684286914561,3401,998
750071704093859840,8567,3741
750086836815486976,2361,609
750101899009982464,3316,945
750117059602808832,4695,1447
750132105863102464,3950,1418
750147208377409536,3372,1084
750381685133418496,750,36
750383411068534784,4948,1285
750429297815552001,14395,4864
750506206503038976,4864,1293
750719632563142656,14457,5654
750868782890057730,5246,1570
751132876104687617,5554,1463
751205363882532864,6870,2052
751251247299190784,13628,6586
751456908746354688,3487,1116
751538714308972544,5480,1425
751583847268179968,4804,1250
751598357617971201,8601,3394
751793661361422336,6401,3272
751830394383790080,6341,2194
751937170840121344,5703,1505
751950017322246144,3368,1043
752173152931807232,6495,2083
752309394570878976,0,18744
752334515931054080,4176,1247
752519690950500352,8058,3861
752568224206688256,6066,2561
752660715232722944,4819,1771
752682090207055872,6564,1811
752701944171524096,0,3244
752917284578922496,7491,1763
752932432744185856,13798,7663
753026973505581056,4238,1097
753039830821511168,40581,23613
753294487569522689,3720,1170
753298634498793472,0,6513
753375668877008896,8307,2620
753398408988139520,6323,2157
753420520834629632,8631,4016
753655901052166144,6389,2455
754011816964026368,9614,4041
754120377874386944,8570,2636
754449512966619136,4103,828
754482103782404096,5798,2190
754747087846248448,2814,587
754856583969079297,7511,2842
754874841593970688,0,9046
755110668769038337,23185,12454
755206590534418437,17999,6057
755955933503782912,7998,3243
756275833623502848,7034,1722
756288534030475264,28157,14815
756303284449767430,4318,1215
756526248105566208,11366,4101
756651752796094464,5546,1492
756939218950160384,7264,2264
756998049151549440,6851,2239
757354760399941633,4940,1603
757393109802180609,6381,1975
757400162377592832,16578,7652
757596066325864448,4755,1195
757597904299253760,0,329
757611664640446465,4978,1253
757725642876129280,4962,1371
757729163776290825,0,9170
757741869644341248,7527,3658
758041019896193024,2969,429
758099635764359168,21050,11363
758355060040593408,3751,1225
758405701903519748,5693,2176
758467244762497024,5260,2500
758474966123810816,4172,1116
758740312047005698,6267,1803
758828659922702336,12243,4320
758854675097526272,3873,1011
759047813560868866,7137,2266
759099523532779520,15902,4737
759159934323924993,0,1332
759197388317847553,6641,2194
759446261539934208,1833,554
759447681597108224,9316,2774
759557299618865152,5142,1324
759566828574212096,0,23972
759793422261743616,6530,2148
759846353224826880,7348,2239
759923798737051648,16093,6415
759943073749200896,6504,2350
760153949710192640,0,38
760190180481531904,6253,2043
760252756032651264,4301,982
760290219849637889,29302,12948
760521673607086080,4634,1585
760539183865880579,8295,4098
760641137271070720,5411,1455
760656994973933572,7250,2174
760893934457552897,4190,1093
761004547850530816,12347,3899
761227390836215808,5842,1751
761292947749015552,4906,1246
761334018830917632,5715,1638
761371037149827077,0,20234
761599872357261312,4522,1321
761672994376806400,54306,32897
761745352076779520,4657,969
761750502866649088,0,4466
761976711479193600,5919,2282
762035686371364864,35030,17658
762316489655476224,5291,1275
762464539388485633,11368,4774
762471784394268675,12418,7447
762699858130116608,13371,4128
763103485927849985,8052,2564
763167063695355904,0,3427
763183847194451968,5944,1675
763837565564780549,13867,4759
763956972077010945,803,61
764259802650378240,6645,1719
764857477905154048,7025,1996
765222098633691136,12743,3838
765371061932261376,7759,2439
765395769549590528,20347,3094
765669560888528897,5687,1386
765719909049503744,7920,2441
766008592277377025,4093,564
766069199026450432,4698,993
766078092750233600,0,2935
766313316352462849,7420,2133
766423258543644672,6599,1798
766693177336135680,4435,902
766714921925144576,2846,432
766793450729734144,5580,1543
766864461642756096,0,6415
767122157629476866,11105,3218
767191397493538821,13474,4325
767500508068192258,8201,2648
767754930266464257,17587,6113
767884188863397888,5237,1602
768193404517830656,11982,4015
768473857036525572,14930,3889
768554158521745409,0,6605
768596291618299904,5526,1448
768609597686943744,4527,1367
768855141948723200,4602,1020
768909767477751808,0,3079
768970937022709760,15846,7425
769212283578875904,5920,1939
769335591808995329,0,8714
769695466921623552,7028,1893
769940425801170949,34571,10953
770069151037685760,8293,2604
770093767776997377,0,3458
770293558247038976,6843,1686
770414278348247044,6903,2341
770655142660169732,8040,1978
770743923962707968,0,51651
770772759874076672,5698,1594
770787852854652928,5438,1387
771014301343748096,6950,1751
771102124360998913,6820,1628
771136648247640064,10108,3307
771171053431250945,0,8574
771380798096281600,11606,5807
771500966810099713,9069,2963
771770456517009408,13206,3858
771908950375665664,7215,2139
772102971039580160,4401,1050
772114945936949249,2976,536
772117678702071809,4115,832
772152991789019136,4140,1278
772193107915964416,6590,1573
772581559778025472,7118,1939
772615324260794368,0,3838
772826264096874500,8764,2636
772877495989305348,9442,4426
773191612633579521,10977,4664
773247561583001600,10298,3638
773308824254029826,25532,8507
773336787167145985,0,5807
773547596996571136,24258,7021
773670353721753600,5873,1471
773704687002451968,7234,1851
773922284943896577,7026,1963
773985732834758656,11790,4412
774314403806253056,23926,6366
774639387460112384,7400,1978
774757898236878852,9385,2000
775085132600442880,17100,5390
775350846108426240,11176,4461
775364825476165632,8208,3403
775729183532220416,14209,5226
775733305207554048,15257,4555
775842724423557120,12894,3049
775898661951791106,0,17345
776088319444877312,2018,175
776113305656188928,12942,4960
776201521193218049,10555,2866
776218204058357768,32962,18184
776249906839351296,0,10481
776477788987613185,9771,3197
776813020089548800,5379,1380
776819012571455488,0,15602
777189768882946048,15751,4928
777621514455814149,9649,2840
777641927919427584,0,4864
777684233540206592,12376,3349
777885040357281792,6998,1860
777953400541634568,0,4015
778027034220126208,7231,1849
778039087836069888,9328,3007
778286810187399168,11433,3772
778383385161035776,6448,1256
778396591732486144,0,13966
778408200802557953,14997,4947
778624900596654080,5124,1147
778650543019483137,6377,1701
778748913645780993,7612,1529
778764940568104960,946,419
778774459159379968,0,11363
778990705243029504,22087,8308
779056095788752897,16318,5147
779123168116150273,13025,4156
779124354206535695,0,20992
779377524342161408,9723,3549
779834332596887552,21004,8074
780074436359819264,13548,5710
780092040432480260,0,2620
780192070812196864,9606,2545
780459368902959104,5820,1208
780476555013349377,0,135
780496263422808064,0,4256
780543529827336192,6957,1987
780601303617732608,13355,3782
780800785462489090,6081,1475
780858289093574656,7939,2280
780931614150983680,23892,8401
781163403222056960,10762,3106
781251288990355457,9327,2404
781308096455073793,7873,2912
781524693396357120,22899,6315
781655249211752448,4412,1283
781661882474196992,11513,3091
781955203444699136,12233,3846
782021823840026624,0,7138
782305867769217024,18411,6357
782598640137187329,8602,2151
782722598790725632,19042,6146
782747134529531904,8228,1578
782969140009107456,26661,8387
783085703974514689,8986,2521
783334639985389568,32290,13375
783347506784731136,0,6423
783391753726550016,18675,6322
783466772167098368,9367,2570
783695101801398276,11528,3673
783821107061198850,8119,2240
783839966405230592,33287,12413
784057939640352768,33076,12773
784183165795655680,22244,9232
784431430411685888,6269,1468
784517518371221505,9923,2910
784826020293709826,11196,3671
785170936622350336,13366,5557
785264754247995392,8034,1874
785515384317313025,6737,1449
785533386513321988,10068,2299
785639753186217984,8610,2530
785872687017132033,7390,2092
785927819176054784,12558,3590
786036967502913536,0,8074
786051337297522688,1592,176
786233965241827333,16969,5473
786286427768250368,8829,3283
786363235746385920,12056,4004
786595970293370880,10393,3540
786664955043049472,11818,2952
786709082849828864,20074,6954
786729988674449408,0,2774
786963064373534720,29384,9184
787111942498508800,0,7663
787322443945877504,8620,1996
787397959788929025,11982,3239
787717603741622272,11299,3188
787810552592695296,9611,3488
788039637453406209,6793,1512
788070120937619456,0,3899
788150585577050112,6805,1488
788178268662984705,8011,2444
788412144018661376,17272,6079
788552643979468800,0,8270
788765914992902144,30374,11822
788908386943430656,30304,14212
789137962068021249,10752,3196
789268448748703744,10092,2967
789280767834746880,0,5654
789314372632018944,9518,2629
789530877013393408,13015,3874
789599242079838210,7526,2231
789628658055020548,8348,2039
789903600034189313,11516,4775
789960241177853952,0,4774
789986466051088384,10266,2660
790227638568808452,0,4128
790277117346975746,13896,3683
790337589677002753,8660,2139
790581949425475584,22890,8200
790698755171364864,9077,2174
790723298204217344,0,2660
790946055508652032,18389,5401
790987426131050500,10966,2445
791026214425268224,0,4759
791312159183634433,9733,2917
791406955684368384,14526,4715
791672322847637504,12997,3597
791774931465953280,49820,25449
791780927877898241,0,4367
791784077045166082,0,11100
791821351946420224,0,24154
792050063153438720,7949,2056
792394556390137856,14969,4925
792773781206999040,8125,1930
792883833364439040,12519,4900
792913359805018113,15888,4634
793120401413079041,14037,4486
793135492858580992,7133,2852
793150605191548928,6823,1958
793165685325201412,10390,3190
793180763617361921,7656,2286
793195938047070209,16897,6433
793210959003287553,9895,3243
793226087023144960,10898,3284
793241302385262592,11651,3752
793256262322548741,22121,9551
793271401113350145,9579,2708
793286476301799424,27267,10542
793500921481273345,11826,2733
793601777308463104,8832,1874
793614319594401792,0,3597
793845145112371200,10190,2152
793962221541933056,18669,5608
794205286408003585,10191,3820
794332329137291264,10587,3038
794355576146903043,0,11822
794926597468000259,11381,2655
794983741416415232,0,3874
795076730285391872,17964,6207
795400264262053889,11181,3276
795464331001561088,55145,27324
796031486298386433,11940,4235
796080075804475393,9360,2649
796116448414461957,10050,2769
796125600683540480,5470,2050
796149749086875649,35833,16387
796177847564038144,0,16387
796387464403357696,12194,4768
796484825502875648,8393,2015
796563435802726400,0,8401
796759840936919040,13139,3512
796865951799083009,8478,2166
796904159865868288,0,10244
797165961484890113,255,32
797236660651966464,22109,7598
797545162159308800,16055,5559
797971864723324932,12882,3601
798209839306514432,11446,2918
798340744599797760,0,3858
798576900688019456,0,6768
798585098161549313,0,6539
798628517273620480,0,2245
798644042770751489,0,2121
798665375516884993,0,4452
798673117451325440,0,6393
798682547630837760,0,5434
798686750113755136,0,2660
798694562394996736,0,5721
798697898615730177,0,7486
798701998996647937,0,8958
798705661114773508,0,7588
798925684722855936,8199,1643
798933969379225600,14560,5128
799063482566066176,8951,2816
799297110730567681,10961,3179
799308762079035393,0,6366
799422933579902976,8873,2183
799757965289017345,9294,2467
799774291445383169,0,5390
800018252395122689,31420,15097
800141422401830912,16920,2935
800188575492947969,0,4512
800388270626521089,12324,3203
800443802682937345,0,4960
800459316964663297,10429,2452
800513324630806528,14523,3439
800751577355128832,11592,3171
800855607700029440,0,1862
800859414831898624,768,111
801115127852503040,8909,2385
801127390143516673,0,4555
801167903437357056,27112,6844
801285448605831168,6718,948
801538201127157760,9044,2351
801854953262350336,1939,270
801958328846974976,8515,1955
802185808107208704,0,310
802239329049477120,10014,2993
802265048156610565,6966,1550
802323869084381190,17942,6701
802572683846291456,9861,2877
802600418706604034,7875,1683
802624713319034886,0,3349
802952499103731712,9985,2299
803276597545603072,11087,2825
803321560782307329,0,6113
803380650405482500,8541,2134
803638050916102144,12128,4750
803692223237865472,0,8547
803773340896923648,11095,3161
804026241225523202,49263,18588
804413760345620481,0,3671
804475857670639616,6800,2314
804738756058218496,15160,4406
805207613751304193,8586,1932
805487436403003392,9677,2891
805520635690676224,6312,1888
805823200554876929,0,9232
805826884734976000,7262,2092
805932879469572096,9101,2174
805958939288408065,0,6146
806219024703037440,7075,1373
806242860592926720,0,13375
806542213899489280,11261,2721
806576416489959424,5320,2201
806620845233815552,0,6315
806629075125202948,83112,40127
807010152071229440,14375,4355
807059379405148160,0,8387
807106840509214720,124032,62018
807621403335917568,16078,4208
808001312164028416,13862,4030
808106460588765185,9608,2484
808134635716833280,0,6844
808344865868283904,46795,23704
808501579447930884,12449,2961
808733504066486276,8710,2471
808838249661788160,11129,3475
809084759137812480,14536,3996
809220051211603969,21995,6439
809448704142938112,7639,1672
809808892968534016,0,5608
809920764300447744,17066,4449
810254108431155201,16196,3836
810284430598270976,39176,13144
810657578271330305,12081,3016
810896069567610880,9985,2063
810984652412424192,5876,1631
811386762094317568,23033,7317
811627233043480576,14110,3585
811647686436880384,6138,851
811744202451197953,8321,1842
811985624773361665,8021,1624
812372279581671427,15085,4196
812466873996607488,8811,2195
812503143955202048,6709,1404
812709060537683968,7302,1644
812747805718642688,0,7954
812781120811126785,8327,2173
813051746834595840,23062,8364
813066809284972545,8764,2236
813081950185472002,10875,3170
813096984823349248,11571,4144
813112105746448384,11383,3164
813127251579564032,13099,3592
813130366689148928,4916,503
813142292504645637,9264,2682
813157409116065792,8509,2524
813172488309972993,10276,2199
813187593374461952,21850,5000
813202720496779264,10091,2060
813217897535406080,20558,8322
813800681631023104,9196,2022
813812741911748608,39979,16009
813910438903693312,10227,2153
813944609378369540,0,3683
814153002265309185,31650,9935
814530161257443328,9542,2118
814578408554463233,0,6649
814638523311648768,12401,3085
814986499976527872,8392,1483
815390420867969024,11355,4330
815639385530101762,9056,1879
815736392542261248,10818,2584
815745968457060357,0,4715
815966073409433600,24787,9730
815990720817401858,5490,1193
816014286006976512,0,6060
816062466425819140,0,1193
816091915477250048,9810,2457
816336735214911488,9464,2234
816450570814898180,33613,9229
816697700272001025,10794,2503
816816676327063552,10964,2323
816829038950027264,0,5401
817056546584727552,9422,1887
817120970343411712,13239,2972
817171292965273600,9584,2289
817181837579653120,0,9730
817415592588222464,6185,1107
817423860136083457,37743,17166
817502432452313088,0,3862
817536400337801217,12967,3453
817777686764523521,11775,3039
817827839487737858,57017,30860
817908911860748288,5305,899
818145370475810820,13529,2962
818259473185828864,12077,2586
818307523543449600,0,9229
818536468981415936,12001,2827
818588835076603904,0,7021
818614493328580609,10841,2937
818627210458333184,24341,8453
818646164899774465,0,23704
819004803107983360,94533,41589
819006400881917954,49444,21456
819015331746349057,0,21456
819015337530290176,0,41589
819227688460238848,25381,7616
819238181065359361,2515,454
819347104292290561,7930,1363
819588359383371776,10495,2242
819711362133872643,14751,3560
819924195358416896,14132,5528
819952236453363712,5849,1344
820013781606658049,0,1344
820078625395449857,21735,7138
820314633777061888,3669,641
820446719150292993,0,2935
820494788566847489,0,641
820690176645140481,13397,3663
820749716845686786,34623,11317
820837357901512704,0,7616
821044531881721856,13873,2595
821107785811234820,10531,2448
821149554670182400,9586,2285
821153421864615936,277,10
821407182352777218,12936,4965
821421320206483457,0,6357
821522889702862852,8779,2005
821765923262631936,9230,1879
821813639212650496,0,3782
821886076407029760,12445,2659
822163064745328640,0,5473
822244816520155136,38438,11243
822462944365645825,31418,16896
822489057087389700,19882,7282
822610361945911296,16155,3376
822647212903690241,0,7282
822859134160621569,14441,2589
822872901745569793,140654,49423
822975315408461824,18933,3904
823269594223824897,0,11243
823322678127919110,17229,4572
823333489516937216,767,30
823581115634085888,14238,3007
823699002998870016,13707,2737
823719002937630720,0,12773
823939628516474880,11626,3077
824025158776213504,5205,672
824297048279236611,16432,4397
824325613288833024,12853,11709
824663926340194305,10995,1969
824775126675836928,16331,4004
824796380199809024,0,6207
825026590719483904,6938,1462
825120256414846976,0,1462
825147591692263424,19992,5175
825535076884762624,56487,19491
825829644528148480,13879,2818
825876512159186944,11396,2119
826115272272650244,17116,3552
826204788643753985,5311,1064
826240494070030336,14469,2935
826476773533745153,20087,4760
826598365270007810,10998,2669
826598799820865537,5578,289
826615380357632002,0,4449
826848821049180160,39883,11679
826958653328592898,23522,5680
827199976799354881,11540,2542
827228250799742977,0,13323
827324948884643840,17313,3454
827600520311402496,8077,1068
827653905312006145,16812,3390
827933404142436356,21950,5912
828011680017821696,11288,2421
828046555563323392,12811,3223
828361771580813312,2386,192
828372645993398273,13623,3302
828376505180889089,8038,1200
828381636999917570,13727,2509
828408677031882754,8318,1456
828409743546925057,6842,1293
828650029636317184,10370,1523
828708714936930305,39836,12704
828770345708580865,27821,6655
828801551087042563,0,3836
829011960981237760,57633,18371
829141528400556032,26674,8391
829374341691346946,37694,10549
829449946868879360,11409,2301
829501995190984704,34527,12020
829861396166877184,13301,2215
829878982036299777,0,5680
830097400375152640,10687,3405
830173239259324417,0,6439
830583320585068544,72684,19012
830956169170665475,8645,1710
831262627380748289,12934,2320
831309418084069378,12694,2745
831315979191906304,7034,1254
831322785565769729,9950,1719
831552930092285952,9781,2596
831650051525054464,7806,2200
831670449226514432,11356,2037
831911600680497154,30043,7354
831926988323639298,368,38
831939777352105988,26058,6932
832032802820481025,13733,4676
832040443403784192,0,10953
832088576586297345,72,3
832215726631055365,0,10542
832215909146226688,0,6954
832273440279240704,12255,2633
832369877331693569,18601,3600
832397543355072512,12975,2505
832636094638288896,17207,3169
832645525019123713,3159,582
832682457690300417,12884,3319
832757312314028032,18247,4065
832769181346996225,0,44
832998151111966721,14407,2487
833124694597443584,21899,5444
833479644947025920,16088,2320
833722901757046785,22375,3599
833732339549220864,0,246
833826103416520705,16581,3858
833863086058651648,14504,2692
834086379323871233,14145,2486
834089966724603904,10872,2387
834167344700198914,17022,4075
834209720923721728,22327,5389
834458053273591808,10403,1878
834477809192075265,0,12020
834574053763584002,14843,2840
834786237630337024,22737,6091
834931633769889797,11709,1852
835152434251116546,24294,3400
835172783151792128,28239,6438
835246439529840640,2243,82
835264098648616962,8407,1911
835297930240217089,17697,3347
835309094223372289,0,23613
835536468978302976,0,1911
835574547218894849,19240,4067
835685285446955009,0,9184
836001077879255040,20680,4850
836260088725786625,22931,4790
836380477523124226,15879,3291
836397794269200385,0,30860
836648853927522308,0,617
836677758902222849,13625,2482
836753516572119041,20784,5158
836989968035819520,13737,2573
837012587749474308,0,85
837110210464448512,17298,2695
837366284874571778,22809,5915
837471256429613056,13823,2585
837482249356513284,4155,491
837820167694528512,36925,8798
838083903487373313,18993,3523
838085839343206401,149,0
838150277551247360,1805,361
838201503651401729,0,11317
838476387338051585,24392,5401
838561493054533637,11764,1487
838831947270979586,0,12413
838916489579200512,0,37
838921590096166913,12043,2322
838952994649550848,21124,4450
839239871831150596,29339,7317
839290600511926273,0,158
839549326359670784,29642,8677
839990271299457024,14469,2560
840268004936019968,20733,6394
840370681858686976,17723,5076
840632337062862849,9658,1947
840696689258311684,13233,1100
840698636975636481,196,3
840728873075638272,0,18025
840761248237133825,0,1947
841077006473256960,24652,5899
841314665196081154,17095,5239
841320156043304961,21205,6016
841439858740625411,13605,4099
841680585030541313,27529,8615
841833993020538882,0,17166
842115215311396866,15057,3346
842163532590374912,26311,6461
842535590457499648,19419,3885
842765311967449089,7238,1422
842846295480000512,16292,3959
843235543001513987,23064,6749
843604394117681152,18115,3034
843856843873095681,22933,5153
843981021012017153,16165,3233
844223788422217728,14597,2424
844580511645339650,17647,3482
844704788403113984,41536,11456
844973813909606400,16191,3560
844979544864018432,14586,2864
845098359547420673,0,8507
845306882940190720,24971,5958
845397057150107648,8163,2034
845459076796616705,0,14815
845677943972139009,26862,5284
845812042753855489,31336,9711
846042936437604353,17099,3179
846139713627017216,32895,10825
846153765933735936,33981,10046
846505985330044928,15127,3434
846514051647705089,47838,12859
846874817362120707,21449,4347
847116187444137987,22865,3539
847157206088847362,21334,6471
847251039262605312,21783,4735
847606175596138505,19999,3733
847617282490613760,7479,459
847842811428974592,5868,1486
847962785489326080,25025,5657
847971574464610304,0,472
847978865427394560,0,3600
848212111729840128,17418,3392
848213670039564288,8715,819
848324959059550208,26356,5068
848690551926992896,26811,4752
849051919805034497,32282,7281
849336543269576704,12130,2076
849412302885593088,16873,3436
849668094696017920,0,5444
849776966551130114,32366,8359
850019790995546112,21713,5380
850145622816686080,17337,4185
850333567704068097,3615,363
850380195714523136,13840,2868
850753642995093505,32967,10197
851224888060895234,21885,6257
851464819735769094,25683,7734
851591660324737024,17127,3778
851861385021730816,0,23
851953902622658560,0,10549
852189679701164033,12097,1723
852226086759018497,21129,7459
852311364735569921,34958,10796
852553447878664193,17302,3826
852672615818899456,15741,2341
852912242202992640,9526,2003
852936405516943360,0,2200
853299958564483072,16341,3876
853639147608842240,36764,11080
853760880890318849,30112,6289
854010172552949760,16985,3397
854120357044912130,33582,8168
854365224396361728,19824,5081
854482394044301312,30797,7471
854732716440526848,23946,6587
855138241867124737,0,50
855245323840757760,0,6461
855459453768019968,31350,8868
855818117272018944,27778,5854
855851453814013952,47369,18956
855857698524602368,12366,2275
855860136149123072,4945,1100
855862651834028034,362,28
856282028240666624,28813,6750
856288084350160898,538,17
856330835276025856,0,722
856526610513747968,12341,2029
856543823941562368,16974,3089
856602993587888130,0,11456
857029823797047296,19702,4298
857062103051644929,0,182
857214891891077121,240,20
857263160327368704,20814,4856
857393404942143489,6160,1749
857746408056729600,35652,11338
857989990357356544,16777,2765
858107933456039936,16356,3108
858471635011153920,22373,5183
858843525470990336,16136,3706
858860390427611136,0,8677
859074603037188101,35211,14528
859196978902773760,93612,32283
859607811541651456,19290,1681
859851578198683649,15950,3728
859924526012018688,19826,4286
860177593139703809,0,32897
860184849394610176,17294,6219
860276583193509888,18954,3691
860524505164394496,24451,5604
860563773140209665,7783,2292
860924035999428608,0,871
860981674716409858,0,2292
861005113778896900,17321,4049
861288531465048066,17795,4423
861383897657036800,37359,11349
862096992088072192,77245,24734
862457590147678208,21253,5277
862722525377298433,17621,3744
862831371563274240,19815,5372
863062471531167744,8845,2627
863079547188785154,9028,1178
863427515083354112,2334,104
863432100342583297,24568,5574
863471782782697472,0,2627
863553081350529029,15769,4415
863907417377173506,21260,4374
864197398364647424,31126,9446
864279568663928832,15039,3223
864873206498414592,33303,9227
865006731092295680,28786,8086
865359393868664832,27241,5272
865718153858494464,26351,5901
866094527597207552,0,8798
866334964761202691,54103,15264
866450705531457537,122096,36251
866686824827068416,19872,3666
866720684873056260,20660,5080
867051520902168576,33065,8280
867072653475098625,0,132
867421006826221569,16567,2644
867774946302451713,34815,7670
867900495410671616,24742,4369
868552278524837888,10431,2196
868622495443632128,28002,6182
868639477480148993,0,2196
868880397819494401,66944,15114
869227993411051520,20898,3957
869596645499047938,16305,3266
869702957897576449,28812,6595
869772420881756160,43268,10475
870063196459192321,37388,8679
870308999962521604,22226,4312
870374049280663552,84215,27248
870656317836468226,12683,2760
870726314365509632,120,3
870804317367881728,33487,6287
871032628920680449,23035,3940
871102520638267392,21267,5672
871166179821445120,0,5899
871515927908634625,20540,3572
871762521631449091,20580,3605
871879754684805121,38705,11658
872122724285648897,34972,8394
872261713294495745,34748,6550
872486979161796608,41206,9275
872620804844003328,21089,3835
872668790621863937,0,30
872820683541237760,14911,3820
872967104147763200,27755,5586
873213775632977920,7380,1636
873337748698140672,0,1636
873580283840344065,24580,4064
874012996292530176,35152,10791
874057562936811520,22922,4078
874296783580663808,26396,4241
874434818259525634,0,15264
874680097055178752,28204,4773
875021211251597312,25790,4836
875097192612077568,27726,6231
875144289856114688,22185,5065
875747767867523072,25500,4422
876120275196170240,28207,4823
876484053909872640,18981,2473
876537666061221889,23657,4725
876838120628539392,20916,3461
877201837425926144,27478,5761
877316821321428993,27667,5329
877556246731214848,23044,3930
877611172832227328,0,82
877736472329191424,80923,19710
878057613040115712,42500,7049
878281511006478336,7847,1330
878316110768087041,0,6845
878404777348136964,0,1330
878604707211726852,30617,7437
878776093423087618,19581,4238
879008229531029506,19158,2767
879050749262655488,22832,4847
879130579576475649,0,7049
879376492567855104,16942,3195
879415818425184262,107084,45283
879492040517615616,23631,3265
879674319642796034,315,10
879862464715927552,22505,3586
880095782870896641,27919,4459
880221127280381952,27373,4349
880465832366813184,28807,6428
880872448815771648,21524,3916
880935762899988482,17180,2845
881268444196462592,23309,5286
881536004380872706,49969,16377
881633300179243008,129,7
881666595344535552,51097,10943
881906580714921986,24561,3480
882045870035918850,29668,5115
882268110199369728,45459,11872
882627270321602560,28177,6240
882762694511734784,28627,5032
882992080364220416,24202,4048
883117836046086144,37615,6827
883360690899218434,22779,3773
883482846933004288,46446,10222
883838122936631299,22118,3525
884162670584377345,20590,3061
884247878851493888,73727,20882
884441805382717440,27269,5790
884562892145688576,24558,5034
884876753390489601,28245,5978
884925521741709313,78392,18941
885167619883638784,22152,4472
885311592912609280,0,19012
885518971528720385,20629,3848
885528943205470208,36369,6573
885984800019947520,33066,6968
886054160059072513,0,105
886258384151887873,28250,6430
886267009285017600,117,4
886366144734445568,21354,3256
886680336477933568,22649,4563
886736880519319552,12196,3373
886983233522544640,35554,7944
887101392804085760,30865,6096
887343217045368832,33998,10620
887473957103951883,69874,18682
887517139158093824,46671,11926
887705289381826560,30504,5532
888078434458587136,22009,3602
888554962724278272,20136,3680
888804989199671297,25863,4475
888917238123831296,29371,4628
889278841981685760,25554,5563
889531135344209921,15249,2282
889638837579907072,27465,4653
889665388333682689,48307,10272
889880896479866881,28051,5072
890006608113172480,30934,7502
890240255349198849,32274,7590
890609185150312448,28039,4357
890729181411237888,66250,19353
890971913173991426,11975,2123
891087950875897856,20424,3200
891327558926688256,40750,9618
891689557279858688,42561,8835
891815181378084864,25306,4257
892177421306343426,33575,6412
892420643555336193,39193,8738
